     1         8.716544e+02
     2         2.204142e+03
     3         1.255801e+03
     1         8.713097e+02
     4         1.190571e+03
     2         7.761195e+03
     1         8.715879e+02
     3         2.267368e+03
     2         6.977470e+03
     3         2.248033e+03
     5         6.819610e+02
     4         1.353311e+03
     6         5.784504e+01
     4         1.530207e+03
     7         5.933024e+01
     1         8.719322e+02
     8         7.451215e+00
     9         8.909579e+01
     2         2.261813e+03
     5         7.935756e+02
    10         5.299952e-01
     5         8.812341e+02
     6         6.171185e+02
    11         5.338745e+01
     3         1.272495e+03
     6         5.861809e+02
     7         2.534993e+02
    12         1.845000e-02
     8         2.467517e+01
     7         1.113083e+02
     9         6.255296e+01
    13         4.874950e-01
     4         1.196716e+03
     8         3.116377e+01
    10         3.707825e+00
    14         4.855047e-05
    11         1.254135e+02
     9         4.804568e+01
    12         2.279349e-01
    13         7.707325e+01
    10         8.032126e+00
    11         7.548176e+01
    14         2.981529e-02
    12         7.737395e-01
    15         8.565334e-02
     5         6.704078e+02
    13         1.509017e+02
    16         1.201850e-05
    14         9.496099e-02
     6         5.708966e+01
    15         3.087717e+00
     7         5.926534e+01
    16         8.350877e-04
     8         7.542072e+00
    17         6.794903e-04
     9         8.916851e+01
    10         5.399427e-01
    11         5.562969e+01
    12         1.927181e-02
    13         4.807779e-01
    14         4.797261e-05
     1         8.716544e+02
     2         2.204654e+03
     3         1.256442e+03
     4         1.190981e+03
     5         6.822480e+02
     6         5.787873e+01
     7         5.935823e+01
     8         7.453682e+00
     9         8.913996e+01
     1         8.715879e+02
    10         5.300056e-01
     2         6.977509e+03
    11         5.336601e+01
     3         2.248649e+03
    12         1.837674e-02
     4         1.530682e+03
    13         4.856556e-01
     5         7.938857e+02
    14         4.803355e-05
     6         6.177671e+02
     7         2.538354e+02
     8         2.466948e+01
     9         6.260111e+01
     1         8.719322e+02
    10         3.704024e+00
     2         2.262320e+03
    11         1.255029e+02
    12         2.276932e-01
     3         1.273131e+03
    13         7.690534e+01
     4         1.197126e+03
    14         2.973673e-02
    15         8.507614e-02
     5         6.707043e+02
    16         1.188773e-05
     6         5.712406e+01
     7         5.929313e+01
     8         7.544637e+00
     9         8.921179e+01
    10         5.399679e-01
    11         5.560952e+01
    12         1.919751e-02
    13         4.789474e-01
    14         4.742026e-05
     1         8.713097e+02
     2         7.761230e+03
     3         2.267964e+03
     4         1.353660e+03
     5         8.815676e+02
     6         5.867888e+02
     7         1.116115e+02
     8         3.116699e+01
     9         4.808113e+01
    10         8.025678e+00
    11         7.559219e+01
    12         7.717874e-01
    13         1.508404e+02
    14         9.492784e-02
    15         3.061806e+00
    16         8.299653e-04
    17         6.707354e-04
     1         8.963370e+02
     2         1.037326e+04
     3         2.372531e+03
     4         1.417833e+03
     5         8.800188e+02
     6         4.125577e+02
     7         5.150873e+01
     8         2.993088e+02
     9         1.401808e+01
    10         1.319876e+02
    11         1.372337e+00
    12         3.164625e+02
    13         3.096274e-01
    14         1.077887e+01
    15         5.024650e-03
    16         2.698669e-02
     1         8.719322e+02
     2         2.255486e+03
     3         1.167584e+03
     4         1.141589e+03
     5         6.576200e+02
     6         5.488866e+01
     7         5.789704e+01
     8         7.093169e+00
     9         9.227011e+01
     1         8.715879e+02
    10         4.838217e-01
    11         5.893451e+01
     2         6.963892e+03
    12         1.876168e-02
     3         2.198940e+03
    13         4.884433e-01
    14         4.826754e-05
     4         1.504366e+03
     5         7.913653e+02
     6         5.901746e+02
     7         2.366369e+02
     8         2.660010e+01
     9         6.045495e+01
    10         3.983952e+00
    11         1.245923e+02
    12         2.469485e-01
    13         8.875318e+01
    14         3.703914e-02
    15         1.334148e-01
    16         1.935261e-05
     1         8.719322e+02
     2         2.254973e+03
     3         1.180104e+03
     4         1.184166e+03
     5         6.928310e+02
     6         5.912668e+01
     7         5.849925e+01
     8         7.414253e+00
     9         9.106160e+01
    10         5.239680e-01
    11         6.000117e+01
    12         2.036166e-02
    13         6.142075e-01
    14         6.133887e-05
     1         8.963370e+02
     2         1.037329e+04
     3         2.373004e+03
     4         1.417963e+03
     5         8.803911e+02
     6         4.130625e+02
     7         5.154598e+01
     8         2.994812e+02
     9         1.403852e+01
    10         1.318141e+02
    11         1.376132e+00
    12         3.163100e+02
     1         8.719322e+02
     2         2.261815e+03
    13         3.096475e-01
     3         1.260128e+03
    14         1.084223e+01
     4         1.154477e+03
    15         5.020327e-03
     5         6.343073e+02
    16         2.709012e-02
     6         5.290484e+01
     7         5.850923e+01
     8         7.212477e+00
     9         8.991117e+01
    10         4.993069e-01
    11         5.452094e+01
    12         1.782357e-02
    13         3.984157e-01
    14         3.977680e-05
     1         8.713097e+02
     2         7.733581e+03
     3         2.182740e+03
     4         1.332653e+03
     5         8.536002e+02
     6         5.752526e+02
     7         1.033120e+02
     8         3.152553e+01
     9         4.607134e+01
    10         8.128354e+00
     1         8.719322e+02
    11         7.051382e+01
    12         8.341042e-01
     2         2.255484e+03
    13         1.562574e+02
    14         1.011318e-01
     3         1.180729e+03
    15         4.502248e+00
    16         1.118148e-03
     4         1.184578e+03
    17         1.459833e-03
     5         6.931209e+02
     6         5.916093e+01
     7         5.852892e+01
     8         7.416619e+00
     9         9.110928e+01
    10         5.239604e-01
    11         5.997194e+01
    12         2.027878e-02
    13         6.120599e-01
    14         6.070408e-05
     1         8.719322e+02
     2         2.262323e+03
     3         1.260762e+03
     4         1.154897e+03
     5         6.346180e+02
     6         5.293974e+01
     7         5.853860e+01
     8         7.215064e+00
     9         8.995833e+01
    10         4.993368e-01
    11         5.450250e+01
    12         1.774924e-02
    13         3.967399e-01
    14         3.926647e-05
     1         8.966728e+02
     2         2.396350e+03
     3         1.388262e+03
     4         1.242678e+03
     5         6.825016e+02
     6         6.139672e+01
     7         6.019135e+01
     8         8.617734e+00
     9         8.568156e+01
    10         6.892979e-01
    11         6.682981e+01
    12         2.693641e-02
    13         8.451858e-01
    14         8.533566e-05
     1         8.713097e+02
     2         7.733615e+03
     3         2.183337e+03
     4         1.333005e+03
     5         8.539391e+02
     6         5.758684e+02
     7         1.036083e+02
     8         3.152897e+01
     9         4.610663e+01
    10         8.121771e+00
    11         7.062324e+01
    12         8.318685e-01
    13         1.562216e+02
    14         1.011142e-01
    15         4.463776e+00
    16         1.110636e-03
    17         1.443999e-03
     1         8.713097e+02
     2         7.747283e+03
     3         2.231381e+03
     4         1.348728e+03
     5         8.541808e+02
     6         6.007533e+02
     7         7.403913e+01
     8         2.819685e+01
     9         4.801746e+01
    10         7.618335e+00
    11         7.268493e+01
    12         7.287542e-01
    13         1.481846e+02
    14         9.154378e-02
    15         3.162070e+00
    16         8.457732e-04
    17         8.061783e-04
     1         8.966728e+02
     2         2.396847e+03
     3         1.388871e+03
     1         8.713097e+02
     4         1.243058e+03
     2         7.747518e+03
     5         6.827860e+02
     3         2.218613e+03
     6         6.143034e+01
     4         1.338365e+03
     7         6.021666e+01
     5         8.825108e+02
     8         8.620439e+00
     6         5.607289e+02
     9         8.571895e+01
     7         7.776514e+01
    10         6.893501e-01
    11         6.680804e+01
    12         2.685506e-02
     9         4.662664e+01
     1         8.716544e+02
    13         8.425612e-01
     2         2.197436e+03
    10         8.534426e+00
    14         8.432093e-05
     3         1.151736e+03
    11         6.850291e+01
     4         1.092024e+02
     5         3.915949e+02
    12         9.214425e-01
     6         3.649585e+01
    13         1.528778e+02
     7         4.598164e+01
     8         5.720166e+00
    14         1.009374e-01
     9         6.979118e+01
    15         5.334052e+00
    10         3.730786e-01
    11         3.964432e+01
    16         1.191517e-03
    12         1.083889e-02
    13         1.058316e-01
    17         1.420541e-03
    14         1.109597e-05
     1         8.713097e+02
     2         7.747317e+03
     3         2.231978e+03
     4         1.349082e+03
     5         8.545192e+02
     6         6.013643e+02
     7         7.407928e+01
     8         2.819152e+01
     9         4.805920e+01
    10         7.609982e+00
    11         7.280804e+01
    12         7.264126e-01
    13         1.481382e+02
    14         9.151559e-02
    15         3.130146e+00
    16         8.402012e-04
    17         7.941574e-04
     1         8.716544e+02
     2         2.197952e+03
     3         1.152364e+03
     4         1.092909e+02
     5         3.918196e+02
     6         3.652187e+01
     7         4.601523e+01
     8         5.718559e+00
     9         6.986236e+01
    10         3.725473e-01
    11         3.961607e+01
    12         1.078610e-02
    13         1.053722e-01
    14         1.098444e-05
     1         8.989566e+02
     2         6.962979e+03
     3         2.198783e+03
     4         1.486729e+03
     5         7.862717e+02
     6         5.803994e+02
     7         2.228507e+02
     1         8.713097e+02
     8         2.587390e+01
     2         7.747552e+03
     3         2.219208e+03
     9         6.351958e+01
     4         1.338711e+03
     5         8.828441e+02
    10         3.551604e+00
     6         5.613414e+02
    11         1.405345e+02
     7         7.794578e+01
     8         3.078048e+01
    12         2.291511e-01
     9         4.667734e+01
    10         8.520444e+00
    13         7.975962e+01
    11         6.869119e+01
    12         9.167774e-01
    14         3.140251e-02
    13         1.529559e+02
    15         1.084578e-01
    14         1.009376e-01
    15         5.257247e+00
    16         1.596012e-05
    16         1.178754e-03
    17         1.405505e-03
     1         8.716544e+02
     2         2.197434e+03
     3         1.164394e+03
     4         1.128952e+02
     5         4.125414e+02
     6         6.062653e+01
     7         4.213903e+01
     8         8.306403e+00
     9         5.768980e+01
    10         6.964231e-01
    11         4.563973e+01
    12         1.950365e-02
    13         4.451813e-01
    14         4.981596e-05
     1         8.989566e+02
     2         6.976858e+03
     3         2.248267e+03
     4         1.512487e+03
     5         7.893695e+02
     6         6.076864e+02
     7         2.446667e+02
     8         2.634321e+01
     9         6.422952e+01
    10         3.428688e+00
    11         1.421604e+02
    12         2.220432e-01
    13         7.081519e+01
    14         2.624945e-02
    15         7.517463e-02
    16         1.046927e-05
     1         8.989566e+02
     2         6.963017e+03
     2         2.204144e+03
     3         2.199411e+03
     4         1.487185e+03
     5         6.449580e+02
     5         7.865841e+02
     6         5.352060e+01
     6         5.810385e+02
     7         5.854895e+01
     8         7.108739e+00
     7         2.231983e+02
     9         8.981508e+01
     8         2.587637e+01
    10         4.883445e-01
    11         5.222222e+01
     9         6.357327e+01
    12         1.696647e-02
     1         8.716544e+02
    10         3.547056e+00
    13         4.012030e-01
    14         3.990483e-05
     2         2.197950e+03
    11         1.406898e+02
     3         1.165024e+03
    12         2.289391e-01
     4         1.129836e+02
    13         7.953618e+01
     5         4.127697e+02
     6         6.054981e+01
    14         3.129200e-02
     7         4.218116e+01
    15         1.075185e-01
     8         8.296880e+00
     9         5.778368e+01
    16         1.572773e-05
    10         6.942437e-01
    11         4.561179e+01
    12         1.939578e-02
    13         4.419207e-01
    14         4.921655e-05
     1         8.989566e+02
     2         6.976895e+03
     3         2.248894e+03
     4         1.512949e+03
     5         7.896814e+02
     6         6.083213e+02
     7         2.450641e+02
     8         2.634460e+01
     9         6.426854e+01
    10         3.426380e+00
    11         1.422290e+02
    12         2.219202e-01
    13         7.067936e+01
    14         2.619396e-02
    15         7.469030e-02
    16         1.034351e-05
     1         8.716544e+02
     2         2.204656e+03
     3         1.244541e+03
     4         1.148667e+03
     5         6.452601e+02
     6         5.355493e+01
     7         5.857855e+01
     8         7.111243e+00
     9         8.986304e+01
    10         4.883626e-01
    11         5.220240e+01
    12         1.689306e-02
    13         3.995307e-01
    14         3.942984e-05
     1         8.992973e+02
     2         2.096616e+03
     3         1.128636e+03
     4         1.145792e+02
     5         3.759153e+02
     6         3.273868e+01
     7         5.345807e+01
     8         3.912158e+00
     9         8.765397e+01
    10         1.880304e-01
    11         2.205482e+01
    12         4.022162e-03
    13         7.905814e-03
     1         8.989566e+02
     2         6.976481e+03
     3         2.236995e+03
     4         1.495380e+03
     5         8.092011e+02
     6         5.631176e+02
     7         2.277336e+02
     8         2.876383e+01
     9         5.932915e+01
    10         4.920511e+00
    11         1.065487e+02
    12         3.158785e-01
    13         1.104750e+02
    14         5.360286e-02
    15         2.349563e-01
    16         3.346445e-05
     1         8.992973e+02
     2         2.096614e+03
     3         1.139263e+03
     4         1.175500e+02
     5         4.009932e+02
     6         3.535715e+01
     7         5.325247e+01
     8         4.156158e+00
     9         8.610228e+01
    10         2.040501e-01
    11         2.316794e+01
    12         4.395879e-03
    13         1.005536e-02
     1         8.989566e+02
     2         6.990333e+03
     3         2.286554e+03
     4         1.520306e+03
     5         8.106295e+02
     6         5.902318e+02
     7         2.392544e+02
     8         2.547257e+01
     9         6.589268e+01
    10         3.504500e+00
    11         1.441053e+02
    12         2.271893e-01
    13         7.198595e+01
    14         2.702422e-02
    15         8.680805e-02
    16         1.305024e-05
     1         8.992973e+02
     2         2.097145e+03
     3         1.129305e+03
     4         1.146827e+02
     5         3.761446e+02
     6         3.276180e+01
     7         5.349169e+01
     8         3.912346e+00
     9         8.770645e+01
    10         1.879174e-01
    11         2.204572e+01
    12         3.997918e-03
    13         7.892842e-03
     1         8.989566e+02
     2         6.976518e+03
     3         2.237621e+03
     4         1.495829e+03
     5         8.095096e+02
     6         5.637513e+02
     7         2.280153e+02
     8         2.895793e+01
     9         5.923774e+01
    10         4.955623e+00
    11         1.057827e+02
    12         3.189913e-01
    13         1.108744e+02
    14         5.399806e-02
    15         2.375583e-01
    16         3.390702e-05
     1         8.992973e+02
     2         2.097143e+03
     3         1.139934e+03
     4         1.176536e+02
     5         4.012125e+02
     6         3.538044e+01
     7         5.328583e+01
     8         4.156134e+00
     9         8.615421e+01
    10         2.039143e-01
    11         2.315668e+01
    12         4.370029e-03
    13         1.003732e-02
     1         8.986775e+02
     2         7.830677e+03
     3         2.219983e+03
     4         1.317264e+03
     5         8.701821e+02
     6         5.515206e+02
     7         7.885432e+01
     8         3.049285e+01
     9         4.899710e+01
     1         8.989566e+02
    10         7.897857e+00
    11         7.869673e+01
     2         6.990370e+03
    12         7.401763e-01
     3         2.287180e+03
    13         1.696350e+02
     4         1.520761e+03
    14         1.125610e-01
     5         8.109379e+02
    15         2.981027e+00
     6         5.908615e+02
    16         1.081924e-03
     7         2.395944e+02
    17         1.083593e-03
     8         2.547536e+01
     9         6.594365e+01
    10         3.500639e+00
    11         1.442286e+02
    12         2.270154e-01
    13         7.180745e+01
    14         2.694190e-02
    15         8.613299e-02
    16         1.288382e-05
     1         8.992973e+02
     2         2.102227e+03
     3         1.214130e+03
     4         1.203275e+02
     5         3.603262e+02
     6         3.222676e+01
     7         5.296351e+01
     8         4.123282e+00
     9         8.228483e+01
    10         2.040379e-01
    11         2.098293e+01
    12         4.050878e-03
    13         8.785475e-03
     1         8.986775e+02
     2         7.844596e+03
     3         2.268446e+03
     4         1.331199e+03
     5         8.700587e+02
     6         5.759112e+02
     7         1.121123e+02
     8         3.090386e+01
     9         5.054870e+01
    10         7.416811e+00
    11         8.677159e+01
    12         6.298092e-01
    13         1.636252e+02
    14         1.042086e-01
    15         1.687848e+00
    16         7.978940e-04
    17         3.069081e-04
     1         8.986775e+02
     2         7.830710e+03
     3         2.220586e+03
     4         1.317591e+03
     5         8.705173e+02
     6         5.521167e+02
     1         8.992973e+02
     7         7.903183e+01
     2         2.102225e+03
     8         3.049515e+01
     3         1.224086e+03
     4         1.230371e+02
     9         4.905100e+01
     5         3.859108e+02
     6         3.472701e+01
    10         7.884551e+00
     7         5.292227e+01
     8         4.353780e+00
    11         7.891272e+01
    12         7.366691e-01
     9         8.134915e+01
    13         1.696162e+02
    10         2.200165e-01
    14         1.125419e-01
    11         2.210843e+01
    16         1.074825e-03
    12         4.437316e-03
    17         1.056014e-03
    13         1.157466e-02
     1         8.992973e+02
     2         2.102753e+03
     3         1.214808e+03
     4         1.204316e+02
     5         3.605579e+02
     6         3.224949e+01
     7         5.299350e+01
     8         4.123746e+00
     9         8.233183e+01
    10         2.039404e-01
    11         2.098089e+01
    12         4.029972e-03
    13         8.794612e-03
     1         8.986775e+02
     2         7.844628e+03
     3         2.269049e+03
     4         1.331528e+03
     5         8.703943e+02
     6         5.765026e+02
     7         1.124124e+02
     8         3.090670e+01
     9         5.058628e+01
    10         7.410781e+00
    11         8.689597e+01
    12         6.283770e-01
    13         1.635119e+02
    14         1.041475e-01
    15         1.673169e+00
    16         7.931156e-04
    17         3.008755e-04
     1         8.990185e+02
     2         2.048861e+03
     3         1.120329e+03
     4         1.161592e+02
     5         3.762391e+02
     6         3.244500e+01
     7         5.280232e+01
     8         3.849395e+00
     9         8.601911e+01
    10         1.852981e-01
    11         2.119205e+01
    12         3.781752e-03
    13         7.111027e-03
     1         8.992973e+02
     2         2.102751e+03
     3         1.224765e+03
     4         1.231413e+02
     5         3.861325e+02
     6         3.475004e+01
     7         5.295202e+01
     8         4.354061e+00
     9         8.139531e+01
    10         2.198986e-01
    11         2.210459e+01
    12         4.415636e-03
    13         1.158448e-02
     1         8.986775e+02
     2         7.844695e+03
     3         2.255939e+03
     4         1.479544e+03
     5         8.143233e+02
     6         4.590151e+02
     7         1.130854e+02
     8         3.192810e+01
     9         5.804070e+01
    10         7.080695e+00
    11         9.324444e+01
    12         5.623602e-01
    13         1.716711e+02
    14         1.119541e-01
    15         1.234553e+00
    16         7.175140e-04
    17         1.477290e-04
     1         8.990185e+02
     2         2.049396e+03
     3         1.121001e+03
     4         1.162642e+02
     5         3.764663e+02
     6         3.246792e+01
     7         5.283491e+01
     8         3.849658e+00
     9         8.606914e+01
    10         1.851911e-01
    11         2.118363e+01
    12         3.756870e-03
    13         7.095477e-03
     1         8.990185e+02
     2         2.048860e+03
     3         1.130444e+03
     4         1.189492e+02
     5         4.015260e+02
     6         3.505707e+01
     7         5.285392e+01
     8         4.062373e+00
     9         8.496769e+01
    10         1.986093e-01
    11         2.196670e+01
    12         4.054167e-03
    13         8.539607e-03
     1         8.986775e+02
     2         7.858589e+03
     3         2.304519e+03
     4         1.337038e+03
     5         8.975691e+02
     6         5.615319e+02
     7         8.408690e+01
     8         3.023730e+01
     9         5.131231e+01
    10         7.669394e+00
    11         8.612347e+01
    12         6.628987e-01
    13         1.632907e+02
    14         1.048311e-01
    15         1.745824e+00
    16         7.945205e-04
    17         3.171213e-04
     1         8.986775e+02
     2         7.844728e+03
     3         2.256541e+03
     4         1.479942e+03
     5         8.146432e+02
     6         4.595865e+02
     7         1.133091e+02
     8         3.207904e+01
     9         5.797108e+01
    10         7.124834e+00
    11         9.257778e+01
    12         5.699535e-01
    13         1.714968e+02
    14         1.120148e-01
    15         1.286452e+00
    16         7.427391e-04
    17         1.656544e-04
     1         8.715879e+02
     2         6.950374e+03
     3         2.160466e+03
     4         1.496671e+03
     5         7.687798e+02
     6         6.063427e+02
     7         2.368265e+02
     8         2.522890e+01
     9         6.043796e+01
    10         3.735393e+00
    11         1.228376e+02
    12         2.300918e-01
    13         8.501635e+01
    14         3.447738e-02
    15         1.096614e-01
    16         1.514933e-05
     1         8.990185e+02
     2         2.049394e+03
     3         1.131118e+03
     4         1.190542e+02
     5         4.017430e+02
     6         3.508015e+01
     7         5.288636e+01
     8         4.062444e+00
     9         8.501710e+01
    10         1.984833e-01
    11         2.195644e+01
    12         4.028170e-03
    13         8.520876e-03
     1         8.986775e+02
     2         7.858622e+03
     3         2.305121e+03
     4         1.337363e+03
     5         8.978994e+02
     6         5.621207e+02
     7         8.429558e+01
     8         3.023974e+01
     9         5.136394e+01
    10         7.658458e+00
    11         8.631834e+01
    12         6.604195e-01
    13         1.631974e+02
    14         1.047626e-01
    15         1.722621e+00
    16         7.886468e-04
    17         3.079459e-04
     1         8.990185e+02
     2         2.054379e+03
     3         1.204798e+03
     4         1.218391e+02
     5         3.605434e+02
     6         3.193794e+01
     7         5.213317e+01
     8         4.077587e+00
     9         8.045295e+01
    10         2.031528e-01
    11         2.026977e+01
    12         3.870771e-03
    13         8.013449e-03
     1         8.715879e+02
     2         6.950413e+03
     3         2.161085e+03
     4         1.497148e+03
     5         7.690942e+02
     6         6.070014e+02
     7         2.371800e+02
     8         2.522151e+01
     9         6.048795e+01
    10         3.731381e+00
    11         1.229375e+02
    12         2.298254e-01
    13         8.482047e+01
    14         3.438141e-02
    15         1.088642e-01
    16         1.496191e-05
     1         8.715879e+02
     2         6.964017e+03
     3         2.210108e+03
     4         1.523860e+03
     5         7.730497e+02
     6         6.340540e+02
     7         2.519892e+02
     8         2.407175e+01
     9         6.268312e+01
    10         3.427073e+00
    11         1.281243e+02
    12         2.122636e-01
    13         7.302300e+01
    14         2.731305e-02
    15         7.294900e-02
     1         8.990185e+02
     2         2.054909e+03
     3         1.205477e+03
     4         1.219445e+02
     5         3.607732e+02
     6         3.196048e+01
     7         5.216229e+01
     1         8.990185e+02
     8         4.078113e+00
     2         2.054377e+03
     9         8.049794e+01
     3         1.214260e+03
     4         1.243425e+02
    10         2.030600e-01
     5         3.863435e+02
     6         3.442895e+01
    11         2.026795e+01
     7         5.234493e+01
    12         3.848915e-03
     8         4.275099e+00
    13         8.017523e-03
     9         8.000487e+01
    10         2.160643e-01
    11         2.106349e+01
    12         4.149041e-03
    13         9.913753e-03
     1         8.719322e+02
     2         2.254975e+03
     3         1.166961e+03
     4         1.141167e+03
     5         6.573158e+02
     6         5.485375e+01
     7         5.786562e+01
     8         7.090800e+00
     9         9.221825e+01
    10         4.838264e-01
    11         5.896216e+01
    12         1.884417e-02
    13         4.903600e-01
    14         4.884533e-05
     1         8.990185e+02
     2         2.054908e+03
     3         1.214942e+03
     4         1.244480e+02
     5         3.865632e+02
     6         3.445180e+01
     7         5.237389e+01
     8         4.275461e+00
     9         8.004899e+01
    10         2.159547e-01
    11         2.106015e+01
    12         4.126866e-03
    13         9.919420e-03
     1         8.715879e+02
     2         6.964056e+03
     3         2.210726e+03
     4         1.524343e+03
     5         7.733629e+02
     6         6.347086e+02
     7         2.523281e+02
     8         2.406625e+01
     9         6.273109e+01
    10         3.423694e+00
    11         1.282109e+02
    12         2.120655e-01
     1         8.715879e+02
    13         7.286599e+01
    14         2.724302e-02
     2         6.963853e+03
    15         7.246999e-02
     3         2.198324e+03
     4         1.503896e+03
     5         7.910545e+02
     6         5.895222e+02
     7         2.362933e+02
     8         2.659690e+01
     9         6.040315e+01
    10         3.989027e+00
    11         1.244401e+02
    12         2.472710e-01
    13         8.898494e+01
    14         3.716161e-02
    15         1.344498e-01
    16         1.960112e-05
     1         9.229629e+02
     2         1.076594e+04
     3         2.411675e+03
     4         1.517472e+03
     5         8.770969e+02
     6         4.098007e+02
     7         5.203271e+01
     8         2.408853e+02
     9         1.222307e+01
    10         1.718222e+02
    11         1.098698e+00
    12         3.309495e+02
    13         3.198795e-01
    14         5.575007e+00
    15         4.594950e-03
    16         9.052201e-03
     1         8.963370e+02
     2         1.035975e+04
     3         2.328077e+03
     4         1.427544e+03
     5         8.745167e+02
     6         4.049972e+02
     7         5.104375e+01
     8         2.847124e+02
     9         1.352182e+01
    10         1.368599e+02
    11         1.311971e+00
    12         3.250522e+02
    13         3.200231e-01
    14         9.834277e+00
    15         5.200899e-03
    16         2.661996e-02
     1         9.229629e+02
     2         1.075227e+04
     3         2.367940e+03
     4         1.542830e+03
     5         8.710108e+02
     6         4.065079e+02
     7         5.195271e+01
     8         2.243885e+02
     9         1.197828e+01
    10         1.761745e+02
    11         1.081689e+00
    12         3.380341e+02
    13         3.292024e-01
    14         5.600667e+00
    15         4.845234e-03
    16         9.236672e-03
     1         8.963370e+02
     2         1.035753e+04
     3         2.342795e+03
     4         1.398992e+03
     5         8.592688e+02
     6         4.126728e+02
     7         5.140189e+01
     8         2.998824e+02
     9         1.437982e+01
    10         1.211189e+02
    11         1.499930e+00
    12         3.141498e+02
    13         3.098434e-01
    14         1.470526e+01
    15         5.686144e-03
    16         4.214973e-02
     1         9.229629e+02
     2         1.076597e+04
     3         2.412138e+03
     4         1.517471e+03
     5         8.774827e+02
     6         4.102841e+02
     7         5.206425e+01
     8         2.410657e+02
     9         1.223987e+01
    10         1.716293e+02
    11         1.100939e+00
    12         3.309864e+02
    13         3.201680e-01
    14         5.597058e+00
    15         4.588854e-03
    16         9.119751e-03
     1         8.963370e+02
     2         1.035978e+04
     3         2.328547e+03
     4         1.427666e+03
     5         8.748870e+02
     6         4.055037e+02
     7         5.107940e+01
     8         2.849048e+02
     9         1.354156e+01
    10         1.366875e+02
    11         1.315397e+00
    12         3.249174e+02
    13         3.200482e-01
    14         9.886269e+00
    15         5.191352e-03
    16         2.672914e-02
     1         9.229629e+02
     2         1.075230e+04
     3         2.368399e+03
     4         1.542809e+03
     5         8.713941e+02
     6         4.069921e+02
     7         5.198205e+01
     8         2.245910e+02
     9         1.199386e+01
    10         1.759922e+02
    11         1.083704e+00
    12         3.380667e+02
    13         3.294637e-01
    14         5.618575e+00
    15         4.836522e-03
    16         9.293788e-03
     1         8.963370e+02
     2         1.035756e+04
     3         2.343267e+03
     4         1.399132e+03
     5         8.596495e+02
     6         4.131807e+02
     7         5.144042e+01
     8         3.000582e+02
     9         1.440101e+01
    10         1.209586e+02
    11         1.504317e+00
    12         3.139370e+02
    13         3.097936e-01
    14         1.479311e+01
    15         5.689334e-03
    16         4.222409e-02
     1         9.232957e+02
     2         2.241949e+03
     3         1.319984e+03
     4         1.288360e+02
     5         4.068254e+02
     6         3.879107e+01
     7         5.026759e+01
     8         6.165907e+00
     9         7.160938e+01
    10         4.148010e-01
    11         3.656632e+01
    12         1.100121e-02
    13         9.870791e-02
    14         1.054889e-05
     1         8.966728e+02
     2         2.396352e+03
     3         1.374866e+03
     4         1.201749e+03
     5         6.501493e+02
     6         5.753350e+01
     7         5.934289e+01
     8         8.362460e+00
     9         8.619824e+01
    10         6.533612e-01
    11         6.658476e+01
    12         2.558200e-02
    13         7.141279e-01
    14         7.211837e-05
     1         9.232957e+02
     2         2.241951e+03
     3         1.308435e+03
     4         1.254340e+02
     5         3.789589e+02
     6         3.670292e+01
     7         5.114485e+01
     8         5.613309e+00
     9         7.649783e+01
    10         3.384095e-01
    11         3.370308e+01
    12         8.747567e-03
    13         5.931196e-02
     1         8.966728e+02
     2         2.388254e+03
     3         1.290950e+03
     4         1.231037e+03
     5         7.047521e+02
     6         6.336359e+01
     7         5.931845e+01
     8         8.392243e+00
     9         8.781883e+01
    10         6.564314e-01
    11         7.140711e+01
    12         2.784903e-02
    13         1.064375e+00
    14         1.081862e-04
     1         9.232957e+02
     2         2.242464e+03
     3         1.320634e+03
     4         1.289291e+02
     5         4.070154e+02
     6         3.881293e+01
     7         5.029980e+01
     8         6.163809e+00
     9         7.167528e+01
    10         4.141951e-01
    11         3.654402e+01
    12         1.095456e-02
    13         9.840030e-02
    14         1.048035e-05
     1         8.966728e+02
     2         2.396850e+03
     3         1.375473e+03
     4         1.202139e+03
     5         6.504452e+02
     6         5.756752e+01
     7         5.936971e+01
     8         8.365143e+00
     9         8.623931e+01
    10         6.534056e-01
    11         6.656487e+01
    12         2.550085e-02
    13         7.116702e-01
    14         7.114585e-05
     1         9.232957e+02
     2         2.242466e+03
     3         1.309084e+03
     4         1.255270e+02
     5         3.791810e+02
     6         3.672502e+01
     7         5.117489e+01
     8         5.612825e+00
     9         7.655056e+01
    10         3.381401e-01
    11         3.369023e+01
    12         8.715774e-03
    13         5.925271e-02
     1         8.966728e+02
     2         2.388756e+03
     3         1.291546e+03
     4         1.231418e+03
     5         7.050289e+02
     6         6.339691e+01
     7         5.934535e+01
     8         8.394777e+00
     9         8.786089e+01
    10         6.564503e-01
    11         7.137636e+01
    12         2.775797e-02
    13         1.061337e+00
    14         1.070671e-04
     1         8.966168e+02
     2         9.167895e+03
     3         2.344456e+03
     4         1.330746e+03
     5         8.884424e+02
     6         4.782046e+02
     7         5.789351e+01
     8         4.870378e+01
     9         2.613919e+01
    10         3.830409e+01
    11         9.955885e+00
    12         6.034881e+01
    13         1.258947e+00
    14         1.138676e+02
    15         7.746401e-02
    16         7.289259e+00
    17         1.300116e-03
    18         2.058600e-04
     1         9.232439e+02
     2         9.384117e+03
     3         2.379364e+03
     4         1.320552e+03
     5         9.003796e+02
     6         4.574981e+02
     7         5.881729e+01
     8         5.108828e+01
     9         2.704675e+01
    10         4.026347e+01
    11         1.031296e+01
    12         6.416862e+01
    13         1.289587e+00
    14         1.234121e+02
    15         8.586041e-02
    16         7.293776e+00
    17         1.337460e-03
    18         2.365662e-04
     1         9.232439e+02
     2         9.370446e+03
     3         2.332409e+03
     4         1.316096e+03
     5         8.971707e+02
     6         4.439004e+02
     7         5.975485e+01
     8         5.167469e+01
     9         2.646378e+01
    10         4.081392e+01
    11         9.980180e+00
    12         6.758057e+01
    13         1.191277e+00
    14         1.337728e+02
    15         9.053644e-02
     1         8.966168e+02
     2         9.154417e+03
    16         6.227972e+00
     3         2.297243e+03
     4         1.323377e+03
    17         1.187022e-03
     5         8.849232e+02
     6         4.624028e+02
    18         3.719836e-04
     7         5.731348e+01
     8         4.967734e+01
     9         2.506368e+01
    10         4.094989e+01
    11         8.863603e+00
    12         7.242808e+01
    13         9.247138e-01
    14         1.269814e+02
    15         7.595452e-02
    16         3.312956e+00
    17         6.548472e-04
    18         2.546370e-04
     1         8.966168e+02
     2         9.167927e+03
     3         2.344984e+03
     4         1.331019e+03
     5         8.887837e+02
     6         4.787609e+02
     7         5.793179e+01
     8         4.869551e+01
     9         2.617034e+01
    10         3.824947e+01
    11         9.985835e+00
    12         6.009329e+01
    13         1.268940e+00
    14         1.135225e+02
    15         7.764266e-02
    16         7.420427e+00
    17         1.324614e-03
    18         2.130939e-04
     1         9.232439e+02
     2         9.384148e+03
     3         2.379893e+03
     4         1.320795e+03
     5         9.007193e+02
     6         4.580353e+02
     7         5.885340e+01
     8         5.108032e+01
     9         2.707690e+01
    10         4.021018e+01
    11         1.034207e+01
    12         6.391307e+01
    13         1.299185e+00
    14         1.230591e+02
    15         8.600734e-02
    16         7.420645e+00
    17         1.360967e-03
    18         2.384602e-04
     1         8.966168e+02
     2         9.154450e+03
     3         2.297769e+03
     4         1.323649e+03
     5         8.852653e+02
     6         4.629609e+02
     7         5.735117e+01
     8         4.966839e+01
     9         2.509465e+01
    10         4.089047e+01
    11         8.890833e+00
    12         7.212996e+01
    13         9.316483e-01
    14         1.267634e+02
    15         7.603241e-02
    16         3.380967e+00
    17         6.633600e-04
    18         2.549656e-04
     1         9.232439e+02
     2         9.370477e+03
     3         2.332937e+03
     4         1.316338e+03
     5         8.975104e+02
     6         4.444379e+02
     7         5.987571e+01
     8         5.165346e+01
     9         2.651671e+01
    10         4.067676e+01
    11         1.004267e+01
    12         6.695357e+01
    13         1.211622e+00
    14         1.331107e+02
    15         9.079033e-02
    16         6.500008e+00
    17         1.234282e-03
    18         3.643269e-04
     1         8.969523e+02
     2         2.459308e+03
     3         1.408013e+03
     4         1.245440e+03
     5         6.680033e+02
     6         6.048808e+01
     7         6.009431e+01
     8         8.781181e+00
     9         8.472857e+01
    10         7.162562e-01
    11         6.953148e+01
    12         2.857713e-02
    13         8.743724e-01
    14         8.947199e-05
     1         9.235763e+02
     2         2.295058e+03
     3         1.334500e+03
     4         1.226000e+03
     5         6.816664e+02
     6         5.841477e+01
     7         6.352259e+01
     8         7.641384e+00
     9         9.627169e+01
    10         5.328537e-01
    11         5.345228e+01
    12         1.851287e-02
    13         3.763053e-01
    14         3.740586e-05
     1         8.969523e+02
     2         2.459310e+03
     3         1.394208e+03
     4         1.204631e+03
     5         6.364374e+02
     6         5.675251e+01
     7         5.926557e+01
     8         8.528430e+00
     9         8.531751e+01
    10         6.792933e-01
    11         6.937768e+01
    12         2.721135e-02
    13         7.426039e-01
    14         7.642453e-05
     1         9.235763e+02
     2         2.295060e+03
     3         1.322503e+03
     4         1.184736e+03
     5         6.455870e+02
     6         5.423383e+01
     7         6.291780e+01
     8         7.276722e+00
     9         9.747746e+01
    10         4.884901e-01
    11         5.208912e+01
    12         1.691581e-02
    13         3.004694e-01
    14         2.986141e-05
     1         8.969523e+02
     2         2.459801e+03
     3         1.408616e+03
     4         1.245820e+03
     5         6.682980e+02
     6         6.052239e+01
     7         6.011938e+01
     8         8.783959e+00
     9         8.476509e+01
    10         7.163198e-01
    11         6.951096e+01
    12         2.849477e-02
    13         8.716428e-01
    14         8.832611e-05
     1         9.235763e+02
     2         2.295568e+03
     3         1.335147e+03
     4         1.226397e+03
     5         6.819449e+02
     6         5.844727e+01
     7         6.354946e+01
     8         7.643827e+00
     9         9.631344e+01
    10         5.328755e-01
    11         5.343165e+01
    12         1.844622e-02
    13         3.749924e-01
    14         3.702895e-05
     1         8.969523e+02
     2         2.459803e+03
     3         1.394810e+03
     4         1.205021e+03
     5         6.367429e+02
     6         5.678708e+01
     7         5.929214e+01
     8         8.531179e+00
     9         8.535772e+01
    10         6.793470e-01
    11         6.935910e+01
    12         2.712942e-02
    13         7.400577e-01
    14         7.533176e-05
     1         9.235763e+02
     2         2.295570e+03
     3         1.323148e+03
     4         1.185143e+03
     5         6.458794e+02
     6         5.426685e+01
     7         6.294620e+01
     8         7.279193e+00
     9         9.752266e+01
    10         4.885179e-01
    11         5.207033e+01
    12         1.685000e-02
    13         2.993103e-01
    14         2.952604e-05
     1         8.966168e+02
     2         9.152929e+03
     3         2.311810e+03
     4         1.324014e+03
     5         8.668160e+02
     6         4.832447e+02
     7         5.781332e+01
     1         9.229629e+02
     8         4.699126e+01
     2         1.074993e+04
     9         2.696408e+01
     3         2.382412e+03
    10         3.484610e+01
     4         1.484931e+03
    11         1.122595e+01
    12         4.982569e+01
     5         8.573551e+02
    13         1.797024e+00
     6         4.069413e+02
    14         1.010598e+02
     7         5.177473e+01
    15         9.097708e-02
    16         1.676011e+01
     8         2.426172e+02
     9         1.257642e+01
    17         3.384930e-03
    18         3.997624e-03
    10         1.571480e+02
    11         1.176379e+00
    12         3.361164e+02
    13         3.310502e-01
    14         7.392651e+00
    15         5.153207e-03
    16         1.755286e-02
     1         9.232439e+02
     2         9.368989e+03
     3         2.346726e+03
     4         1.312379e+03
     5         8.786905e+02
     1         8.963370e+02
     6         4.607708e+02
     7         5.884450e+01
     2         1.034400e+04
     8         4.932193e+01
     9         2.821660e+01
     3         2.298528e+03
    10         3.607831e+01
     4         1.406469e+03
    11         1.197486e+01
     5         8.525709e+02
    12         5.077337e+01
     6         4.043289e+02
    13         1.994974e+00
     7         5.086208e+01
    14         1.042656e+02
    15         1.027122e-01
     8         2.847669e+02
     9         1.385314e+01
    16         1.941488e+01
    10         1.255282e+02
    17         4.141927e-03
    11         1.426923e+00
    18         5.903210e-03
    12         3.219404e+02
    13         3.177527e-01
    14         1.323030e+01
    15         5.662341e-03
    16         4.155905e-02
     1         8.966168e+02
     2         9.152962e+03
     3         2.312337e+03
     4         1.324291e+03
     5         8.671611e+02
     6         4.838100e+02
     7         5.785254e+01
     8         4.698382e+01
     9         2.699402e+01
    10         3.480068e+01
    11         1.125675e+01
    12         4.962129e+01
    13         1.810593e+00
    14         1.006114e+02
    15         9.138149e-02
    16         1.698479e+01
    17         3.441440e-03
    18         4.167760e-03
     1         9.229629e+02
     2         1.074995e+04
     3         2.382874e+03
     4         1.484951e+03
     5         8.577483e+02
     6         4.074291e+02
     7         5.180807e+01
     8         2.427979e+02
     9         1.259419e+01
    10         1.569660e+02
    11         1.179044e+00
    12         3.361051e+02
    13         3.312800e-01
    14         7.425404e+00
    15         5.145080e-03
    16         1.766534e-02
     1         8.963370e+02
     2         1.034403e+04
     3         2.298997e+03
     4         1.406602e+03
     5         8.529501e+02
     6         4.048393e+02
     7         5.089923e+01
     8         2.849620e+02
     9         1.387366e+01
    10         1.253689e+02
    11         1.430899e+00
    12         3.217535e+02
    13         3.177185e-01
    14         1.330211e+01
    15         5.658788e-03
    16         4.165729e-02
     1         9.232439e+02
     2         9.369020e+03
     3         2.347255e+03
     4         1.312626e+03
     5         8.790342e+02
     6         4.613197e+02
     7         5.888126e+01
     8         4.931438e+01
     9         2.824513e+01
    10         3.603574e+01
    11         1.200484e+01
    12         5.058012e+01
    13         2.008916e+00
    14         1.038070e+02
    15         1.031643e-01
    16         1.964610e+01
    17         4.205001e-03
    18         6.110129e-03
     1         9.232957e+02
     2         2.235065e+03
     3         1.229435e+03
     4         1.225304e+02
     5         4.150461e+02
     6         7.821614e+01
     7         4.604240e+01
     1         8.969523e+02
     8         8.671925e+00
     9         6.385738e+01
     2         2.451062e+03
    10         6.782722e-01
     3         1.309960e+03
    11         4.482108e+01
     4         1.233852e+03
    12         1.833959e-02
     5         6.894792e+02
    13         3.316559e-01
     6         6.228071e+01
    14         3.695123e-05
     7         5.916593e+01
     8         8.522916e+00
     9         8.698663e+01
    10         6.778073e-01
    11         7.412243e+01
    12         2.933408e-02
    13         1.090393e+00
    14         1.117293e-04
     1         8.966728e+02
     2         2.388256e+03
     3         1.276775e+03
     4         1.189413e+03
     5         6.730025e+02
     6         5.942663e+01
     7         5.858141e+01
     8         8.145476e+00
     9         8.868390e+01
    10         6.213754e-01
    11         7.123700e+01
    12         2.643295e-02
    13         8.723186e-01
    14         8.818159e-05
     1         9.235763e+02
     2         2.288061e+03
     3         1.242965e+03
     4         1.214125e+03
     5         7.038598e+02
     6         6.040659e+01
     7         6.304189e+01
     8         7.507566e+00
     9         9.862269e+01
    10         5.155250e-01
    11         5.738638e+01
    12         1.942426e-02
    13         4.658531e-01
    14         4.623708e-05
     1         9.232957e+02
     2         2.235584e+03
     3         1.230075e+03
     4         1.226224e+02
     1         8.969523e+02
     5         4.152589e+02
     2         2.451558e+03
     6         7.811868e+01
     3         1.310550e+03
     4         1.234233e+03
     7         4.608269e+01
     5         6.897681e+02
     6         6.231497e+01
     8         8.664047e+00
     7         5.919249e+01
     9         6.394273e+01
     8         8.525537e+00
     9         8.702781e+01
    10         6.765572e-01
    10         6.778383e-01
    11         7.409298e+01
    11         4.478998e+01
    12         2.924164e-02
    12         1.825096e-02
    13         1.087240e+00
    14         1.104750e-04
    13         3.296217e-01
    14         3.658106e-05
     1         8.966728e+02
     2         2.388758e+03
     3         1.277369e+03
     4         1.189805e+03
     1         9.235763e+02
     2         2.288576e+03
     5         6.732909e+02
     3         1.243602e+03
     6         5.946049e+01
     4         1.214524e+03
     7         5.860996e+01
     5         7.041311e+02
     8         8.147970e+00
     6         6.043878e+01
     9         8.872989e+01
     7         6.307071e+01
    10         6.213844e-01
     8         7.509782e+00
    11         7.120786e+01
     9         9.866867e+01
    12         2.634243e-02
    10         5.155140e-01
    13         8.695026e-01
    11         5.735743e+01
    14         8.711551e-05
    12         1.935021e-02
    13         4.643589e-01
    14         4.581293e-05
     1         8.966168e+02
     2         9.139430e+03
     3         2.264725e+03
     4         1.315537e+03
     5         8.615844e+02
     6         4.679667e+02
     7         5.713260e+01
     8         4.792890e+01
     9         2.569754e+01
     1         8.969523e+02
    10         3.748016e+01
     2         2.451064e+03
    11         9.855071e+00
     3         1.295365e+03
    12         6.119042e+01
     4         1.192363e+03
    13         1.253629e+00
     5         6.585206e+02
    14         1.205460e+02
     6         5.847332e+01
    15         8.106901e-02
     7         5.844375e+01
    16         7.838511e+00
     8         8.279416e+00
    17         1.433555e-03
    10         6.420066e-01
    18         3.462560e-04
    11         7.407868e+01
    12         2.794878e-02
    13         8.978186e-01
    14         9.202610e-05
     1         9.232957e+02
     2         2.235067e+03
     3         1.217168e+03
     4         1.189734e+02
     5         3.933115e+02
     6         3.717898e+01
     7         5.096684e+01
     8         5.395364e+00
     9         8.045931e+01
    10         3.137590e-01
    11         3.567455e+01
    12         8.709082e-03
    13         5.215178e-02
     1         9.229629e+02
     2         1.073623e+04
     3         2.338870e+03
     4         1.506229e+03
     5         8.504000e+02
     6         4.025435e+02
     7         5.157913e+01
     8         2.259250e+02
     9         1.228624e+01
    10         1.613028e+02
    11         1.149900e+00
    12         3.418242e+02
    13         3.371890e-01
    14         7.259238e+00
    15         5.341598e-03
    16         1.714255e-02
     1         8.969523e+02
     2         2.451560e+03
     3         1.295954e+03
     4         1.192755e+03
     5         6.588203e+02
     6         5.850797e+01
     7         5.847197e+01
     8         8.281988e+00
     9         8.795948e+01
    10         6.420253e-01
    11         7.405085e+01
    12         2.785717e-02
    13         8.949004e-01
    14         9.083353e-05
     1         8.966168e+02
     2         9.139462e+03
     3         2.265250e+03
     4         1.315813e+03
     5         8.619310e+02
     6         4.685312e+02
     7         5.717170e+01
     8         4.792070e+01
     9         2.572809e+01
    10         3.742889e+01
    11         9.883637e+00
    12         6.094018e+01
    13         1.262997e+00
    14         1.201952e+02
    15         8.119901e-02
    16         7.970570e+00
    17         1.457998e-03
    18         3.499345e-04
     1         9.232957e+02
     2         2.235586e+03
     3         1.217807e+03
     4         1.190654e+02
     5         3.935326e+02
     6         3.720151e+01
     7         5.100034e+01
     8         5.394514e+00
     9         8.052009e+01
    10         3.134662e-01
    11         3.565173e+01
    12         8.671612e-03
    13         5.200443e-02
     1         9.229629e+02
     2         1.073626e+04
     3         2.339328e+03
     4         1.506231e+03
     5         8.507912e+02
     6         4.030333e+02
     7         5.161052e+01
     8         2.261271e+02
     9         1.230287e+01
    10         1.611295e+02
    11         1.152303e+00
    12         3.418184e+02
    13         3.374078e-01
    14         7.285986e+00
    15         5.330944e-03
    16         1.723727e-02
     1         9.235763e+02
     2         2.288578e+03
     3         1.230869e+03
     4         1.172506e+03
     5         6.685964e+02
     6         5.616772e+01
     7         6.261415e+01
     8         7.146469e+00
     9         1.003859e+02
    10         4.712413e-01
    11         5.596565e+01
    12         1.765164e-02
    13         3.564293e-01
    14         3.501950e-05
     1         9.235763e+02
     2         2.288063e+03
     3         1.230233e+03
     4         1.172097e+03
     5         6.683112e+02
     6         5.613483e+01
     7         6.258366e+01
     8         7.144237e+00
     9         1.003363e+02
    10         4.712464e-01
    11         5.599283e+01
    12         1.772429e-02
    13         3.577119e-01
    14         3.538943e-05
     1         9.232439e+02
     2         9.355327e+03
     3         2.300430e+03
     4         1.307053e+03
     5         8.741696e+02
     6         4.485680e+02
     7         5.821154e+01
     8         5.020769e+01
     9         2.680677e+01
    10         3.893265e+01
    11         1.044033e+01
    12         6.299289e+01
    13         1.361784e+00
    14         1.278497e+02
    15         9.094293e-02
    16         8.952663e+00
    17         1.695654e-03
    18         4.570818e-04
     1         9.232439e+02
     2         9.355297e+03
     3         2.299903e+03
     4         1.306807e+03
     5         8.738252e+02
     6         4.480227e+02
     7         5.817465e+01
     8         5.021577e+01
     9         2.677717e+01
    10         3.898216e+01
    11         1.041212e+01
    12         6.323832e+01
    13         1.352240e+00
    14         1.282296e+02
    15         9.082149e-02
    16         8.812729e+00
    17         1.668629e-03
    18         4.504393e-04
